{
 "cells": [
  {
   "cell_type": "markdown",
   "metadata": {},
   "source": [
    "# Basic packages"
   ]
  },
  {
   "cell_type": "code",
   "execution_count": 1,
   "metadata": {
    "ExecuteTime": {
     "end_time": "2023-04-04T18:50:58.077887Z",
     "start_time": "2023-04-04T18:50:51.734548Z"
    }
   },
   "outputs": [],
   "source": [
    "import pandas as pd\n",
    "pd.set_option('display.max_columns', 68)\n",
    "pd.options.display.float_format = '{:,.2f}'.format\n",
    "import numpy as np\n",
    "import matplotlib.pyplot as plt\n",
    "%matplotlib inline\n",
    "import seaborn as sns\n",
    "import plotly.express as px\n",
    "import joblib"
   ]
  },
  {
   "cell_type": "markdown",
   "metadata": {},
   "source": [
    "# Data Import and EDA"
   ]
  },
  {
   "cell_type": "code",
   "execution_count": 9,
   "metadata": {
    "ExecuteTime": {
     "end_time": "2023-04-04T18:52:23.879410Z",
     "start_time": "2023-04-04T18:52:23.834264Z"
    }
   },
   "outputs": [
    {
     "data": {
      "text/html": [
       "<div>\n",
       "<style scoped>\n",
       "    .dataframe tbody tr th:only-of-type {\n",
       "        vertical-align: middle;\n",
       "    }\n",
       "\n",
       "    .dataframe tbody tr th {\n",
       "        vertical-align: top;\n",
       "    }\n",
       "\n",
       "    .dataframe thead th {\n",
       "        text-align: right;\n",
       "    }\n",
       "</style>\n",
       "<table border=\"1\" class=\"dataframe\">\n",
       "  <thead>\n",
       "    <tr style=\"text-align: right;\">\n",
       "      <th></th>\n",
       "      <th>county_name</th>\n",
       "      <th>year</th>\n",
       "      <th>num_of_bedrooms</th>\n",
       "      <th>house_value_index</th>\n",
       "      <th>est_pop</th>\n",
       "      <th>median_hh_income</th>\n",
       "      <th>poverty_count</th>\n",
       "      <th>poverty_rate</th>\n",
       "      <th>st_abb</th>\n",
       "      <th>tax_rate</th>\n",
       "      <th>apr_30</th>\n",
       "      <th>points_30</th>\n",
       "      <th>apr_15</th>\n",
       "      <th>points_15</th>\n",
       "    </tr>\n",
       "  </thead>\n",
       "  <tbody>\n",
       "    <tr>\n",
       "      <th>0</th>\n",
       "      <td>ATLANTIC</td>\n",
       "      <td>2010</td>\n",
       "      <td>1</td>\n",
       "      <td>120,414.14</td>\n",
       "      <td>274654</td>\n",
       "      <td>51457</td>\n",
       "      <td>36693</td>\n",
       "      <td>13.60</td>\n",
       "      <td>NJ</td>\n",
       "      <td>2.67</td>\n",
       "      <td>4.69</td>\n",
       "      <td>0.72</td>\n",
       "      <td>4.10</td>\n",
       "      <td>0.67</td>\n",
       "    </tr>\n",
       "    <tr>\n",
       "      <th>1</th>\n",
       "      <td>ATLANTIC</td>\n",
       "      <td>2011</td>\n",
       "      <td>1</td>\n",
       "      <td>106,680.39</td>\n",
       "      <td>274635</td>\n",
       "      <td>49983</td>\n",
       "      <td>35108</td>\n",
       "      <td>13.10</td>\n",
       "      <td>NJ</td>\n",
       "      <td>2.65</td>\n",
       "      <td>4.45</td>\n",
       "      <td>0.72</td>\n",
       "      <td>3.68</td>\n",
       "      <td>0.71</td>\n",
       "    </tr>\n",
       "    <tr>\n",
       "      <th>2</th>\n",
       "      <td>ATLANTIC</td>\n",
       "      <td>2012</td>\n",
       "      <td>1</td>\n",
       "      <td>100,139.16</td>\n",
       "      <td>274657</td>\n",
       "      <td>50881</td>\n",
       "      <td>38245</td>\n",
       "      <td>14.20</td>\n",
       "      <td>NJ</td>\n",
       "      <td>2.73</td>\n",
       "      <td>3.66</td>\n",
       "      <td>0.72</td>\n",
       "      <td>2.93</td>\n",
       "      <td>0.68</td>\n",
       "    </tr>\n",
       "    <tr>\n",
       "      <th>3</th>\n",
       "      <td>ATLANTIC</td>\n",
       "      <td>2013</td>\n",
       "      <td>1</td>\n",
       "      <td>94,991.76</td>\n",
       "      <td>274360</td>\n",
       "      <td>51668</td>\n",
       "      <td>46281</td>\n",
       "      <td>17.10</td>\n",
       "      <td>NJ</td>\n",
       "      <td>2.87</td>\n",
       "      <td>3.98</td>\n",
       "      <td>0.73</td>\n",
       "      <td>3.10</td>\n",
       "      <td>0.70</td>\n",
       "    </tr>\n",
       "    <tr>\n",
       "      <th>4</th>\n",
       "      <td>ATLANTIC</td>\n",
       "      <td>2014</td>\n",
       "      <td>1</td>\n",
       "      <td>92,839.52</td>\n",
       "      <td>272634</td>\n",
       "      <td>54208</td>\n",
       "      <td>40761</td>\n",
       "      <td>15.10</td>\n",
       "      <td>NJ</td>\n",
       "      <td>2.84</td>\n",
       "      <td>4.17</td>\n",
       "      <td>0.59</td>\n",
       "      <td>3.29</td>\n",
       "      <td>0.57</td>\n",
       "    </tr>\n",
       "  </tbody>\n",
       "</table>\n",
       "</div>"
      ],
      "text/plain": [
       "  county_name  year  num_of_bedrooms  house_value_index  est_pop  \\\n",
       "0    ATLANTIC  2010                1         120,414.14   274654   \n",
       "1    ATLANTIC  2011                1         106,680.39   274635   \n",
       "2    ATLANTIC  2012                1         100,139.16   274657   \n",
       "3    ATLANTIC  2013                1          94,991.76   274360   \n",
       "4    ATLANTIC  2014                1          92,839.52   272634   \n",
       "\n",
       "   median_hh_income  poverty_count  poverty_rate st_abb  tax_rate  apr_30  \\\n",
       "0             51457          36693         13.60     NJ      2.67    4.69   \n",
       "1             49983          35108         13.10     NJ      2.65    4.45   \n",
       "2             50881          38245         14.20     NJ      2.73    3.66   \n",
       "3             51668          46281         17.10     NJ      2.87    3.98   \n",
       "4             54208          40761         15.10     NJ      2.84    4.17   \n",
       "\n",
       "   points_30  apr_15  points_15  \n",
       "0       0.72    4.10       0.67  \n",
       "1       0.72    3.68       0.71  \n",
       "2       0.72    2.93       0.68  \n",
       "3       0.73    3.10       0.70  \n",
       "4       0.59    3.29       0.57  "
      ]
     },
     "execution_count": 9,
     "metadata": {},
     "output_type": "execute_result"
    }
   ],
   "source": [
    "df = pd.read_csv('../Resources/final_data2.csv')\n",
    "df.drop(['state_code','county_code'],axis=1,inplace=True)\n",
    "df.head()"
   ]
  },
  {
   "cell_type": "code",
   "execution_count": 10,
   "metadata": {
    "ExecuteTime": {
     "end_time": "2023-04-04T18:52:24.376850Z",
     "start_time": "2023-04-04T18:52:24.356326Z"
    }
   },
   "outputs": [
    {
     "data": {
      "text/plain": [
       "(1260, 14)"
      ]
     },
     "execution_count": 10,
     "metadata": {},
     "output_type": "execute_result"
    }
   ],
   "source": [
    "df.shape"
   ]
  },
  {
   "cell_type": "code",
   "execution_count": 11,
   "metadata": {
    "ExecuteTime": {
     "end_time": "2023-04-04T18:52:24.984622Z",
     "start_time": "2023-04-04T18:52:24.894907Z"
    }
   },
   "outputs": [
    {
     "data": {
      "text/html": [
       "<div>\n",
       "<style scoped>\n",
       "    .dataframe tbody tr th:only-of-type {\n",
       "        vertical-align: middle;\n",
       "    }\n",
       "\n",
       "    .dataframe tbody tr th {\n",
       "        vertical-align: top;\n",
       "    }\n",
       "\n",
       "    .dataframe thead th {\n",
       "        text-align: right;\n",
       "    }\n",
       "</style>\n",
       "<table border=\"1\" class=\"dataframe\">\n",
       "  <thead>\n",
       "    <tr style=\"text-align: right;\">\n",
       "      <th></th>\n",
       "      <th>year</th>\n",
       "      <th>num_of_bedrooms</th>\n",
       "      <th>house_value_index</th>\n",
       "      <th>est_pop</th>\n",
       "      <th>median_hh_income</th>\n",
       "      <th>poverty_count</th>\n",
       "      <th>poverty_rate</th>\n",
       "      <th>tax_rate</th>\n",
       "      <th>apr_30</th>\n",
       "      <th>points_30</th>\n",
       "      <th>apr_15</th>\n",
       "      <th>points_15</th>\n",
       "    </tr>\n",
       "  </thead>\n",
       "  <tbody>\n",
       "    <tr>\n",
       "      <th>count</th>\n",
       "      <td>1,260.00</td>\n",
       "      <td>1,260.00</td>\n",
       "      <td>1,260.00</td>\n",
       "      <td>1,260.00</td>\n",
       "      <td>1,260.00</td>\n",
       "      <td>1,260.00</td>\n",
       "      <td>1,260.00</td>\n",
       "      <td>1,260.00</td>\n",
       "      <td>1,260.00</td>\n",
       "      <td>1,260.00</td>\n",
       "      <td>1,260.00</td>\n",
       "      <td>1,260.00</td>\n",
       "    </tr>\n",
       "    <tr>\n",
       "      <th>mean</th>\n",
       "      <td>2,015.50</td>\n",
       "      <td>3.00</td>\n",
       "      <td>301,526.97</td>\n",
       "      <td>423,663.90</td>\n",
       "      <td>76,414.14</td>\n",
       "      <td>42,851.11</td>\n",
       "      <td>10.05</td>\n",
       "      <td>3.38</td>\n",
       "      <td>3.92</td>\n",
       "      <td>0.63</td>\n",
       "      <td>3.22</td>\n",
       "      <td>0.60</td>\n",
       "    </tr>\n",
       "    <tr>\n",
       "      <th>std</th>\n",
       "      <td>3.45</td>\n",
       "      <td>1.41</td>\n",
       "      <td>174,631.35</td>\n",
       "      <td>253,661.54</td>\n",
       "      <td>18,476.21</td>\n",
       "      <td>32,803.23</td>\n",
       "      <td>4.06</td>\n",
       "      <td>1.65</td>\n",
       "      <td>0.50</td>\n",
       "      <td>0.09</td>\n",
       "      <td>0.51</td>\n",
       "      <td>0.09</td>\n",
       "    </tr>\n",
       "    <tr>\n",
       "      <th>min</th>\n",
       "      <td>2,010.00</td>\n",
       "      <td>1.00</td>\n",
       "      <td>47,502.88</td>\n",
       "      <td>62,341.00</td>\n",
       "      <td>45,438.00</td>\n",
       "      <td>4,793.00</td>\n",
       "      <td>3.90</td>\n",
       "      <td>0.97</td>\n",
       "      <td>2.96</td>\n",
       "      <td>0.48</td>\n",
       "      <td>2.27</td>\n",
       "      <td>0.45</td>\n",
       "    </tr>\n",
       "    <tr>\n",
       "      <th>25%</th>\n",
       "      <td>2,012.75</td>\n",
       "      <td>2.00</td>\n",
       "      <td>171,183.50</td>\n",
       "      <td>150,928.75</td>\n",
       "      <td>61,363.25</td>\n",
       "      <td>16,560.50</td>\n",
       "      <td>6.67</td>\n",
       "      <td>2.47</td>\n",
       "      <td>3.66</td>\n",
       "      <td>0.53</td>\n",
       "      <td>2.93</td>\n",
       "      <td>0.49</td>\n",
       "    </tr>\n",
       "    <tr>\n",
       "      <th>50%</th>\n",
       "      <td>2,015.50</td>\n",
       "      <td>3.00</td>\n",
       "      <td>263,753.40</td>\n",
       "      <td>448,449.00</td>\n",
       "      <td>74,839.00</td>\n",
       "      <td>36,293.50</td>\n",
       "      <td>9.45</td>\n",
       "      <td>2.97</td>\n",
       "      <td>3.96</td>\n",
       "      <td>0.65</td>\n",
       "      <td>3.19</td>\n",
       "      <td>0.61</td>\n",
       "    </tr>\n",
       "    <tr>\n",
       "      <th>75%</th>\n",
       "      <td>2,018.25</td>\n",
       "      <td>4.00</td>\n",
       "      <td>388,531.82</td>\n",
       "      <td>603,111.25</td>\n",
       "      <td>87,602.25</td>\n",
       "      <td>63,450.25</td>\n",
       "      <td>13.10</td>\n",
       "      <td>3.69</td>\n",
       "      <td>4.24</td>\n",
       "      <td>0.72</td>\n",
       "      <td>3.46</td>\n",
       "      <td>0.69</td>\n",
       "    </tr>\n",
       "    <tr>\n",
       "      <th>max</th>\n",
       "      <td>2,021.00</td>\n",
       "      <td>5.00</td>\n",
       "      <td>1,312,995.76</td>\n",
       "      <td>953,819.00</td>\n",
       "      <td>123,708.00</td>\n",
       "      <td>136,161.00</td>\n",
       "      <td>20.10</td>\n",
       "      <td>9.66</td>\n",
       "      <td>4.69</td>\n",
       "      <td>0.73</td>\n",
       "      <td>4.10</td>\n",
       "      <td>0.71</td>\n",
       "    </tr>\n",
       "  </tbody>\n",
       "</table>\n",
       "</div>"
      ],
      "text/plain": [
       "          year  num_of_bedrooms  house_value_index    est_pop  \\\n",
       "count 1,260.00         1,260.00           1,260.00   1,260.00   \n",
       "mean  2,015.50             3.00         301,526.97 423,663.90   \n",
       "std       3.45             1.41         174,631.35 253,661.54   \n",
       "min   2,010.00             1.00          47,502.88  62,341.00   \n",
       "25%   2,012.75             2.00         171,183.50 150,928.75   \n",
       "50%   2,015.50             3.00         263,753.40 448,449.00   \n",
       "75%   2,018.25             4.00         388,531.82 603,111.25   \n",
       "max   2,021.00             5.00       1,312,995.76 953,819.00   \n",
       "\n",
       "       median_hh_income  poverty_count  poverty_rate  tax_rate   apr_30  \\\n",
       "count          1,260.00       1,260.00      1,260.00  1,260.00 1,260.00   \n",
       "mean          76,414.14      42,851.11         10.05      3.38     3.92   \n",
       "std           18,476.21      32,803.23          4.06      1.65     0.50   \n",
       "min           45,438.00       4,793.00          3.90      0.97     2.96   \n",
       "25%           61,363.25      16,560.50          6.67      2.47     3.66   \n",
       "50%           74,839.00      36,293.50          9.45      2.97     3.96   \n",
       "75%           87,602.25      63,450.25         13.10      3.69     4.24   \n",
       "max          123,708.00     136,161.00         20.10      9.66     4.69   \n",
       "\n",
       "       points_30   apr_15  points_15  \n",
       "count   1,260.00 1,260.00   1,260.00  \n",
       "mean        0.63     3.22       0.60  \n",
       "std         0.09     0.51       0.09  \n",
       "min         0.48     2.27       0.45  \n",
       "25%         0.53     2.93       0.49  \n",
       "50%         0.65     3.19       0.61  \n",
       "75%         0.72     3.46       0.69  \n",
       "max         0.73     4.10       0.71  "
      ]
     },
     "execution_count": 11,
     "metadata": {},
     "output_type": "execute_result"
    }
   ],
   "source": [
    "df.describe()"
   ]
  },
  {
   "cell_type": "code",
   "execution_count": 12,
   "metadata": {
    "ExecuteTime": {
     "end_time": "2023-04-04T18:52:25.823874Z",
     "start_time": "2023-04-04T18:52:25.794694Z"
    }
   },
   "outputs": [
    {
     "name": "stdout",
     "output_type": "stream",
     "text": [
      "<class 'pandas.core.frame.DataFrame'>\n",
      "RangeIndex: 1260 entries, 0 to 1259\n",
      "Data columns (total 14 columns):\n",
      " #   Column             Non-Null Count  Dtype  \n",
      "---  ------             --------------  -----  \n",
      " 0   county_name        1260 non-null   object \n",
      " 1   year               1260 non-null   int64  \n",
      " 2   num_of_bedrooms    1260 non-null   int64  \n",
      " 3   house_value_index  1260 non-null   float64\n",
      " 4   est_pop            1260 non-null   int64  \n",
      " 5   median_hh_income   1260 non-null   int64  \n",
      " 6   poverty_count      1260 non-null   int64  \n",
      " 7   poverty_rate       1260 non-null   float64\n",
      " 8   st_abb             1260 non-null   object \n",
      " 9   tax_rate           1260 non-null   float64\n",
      " 10  apr_30             1260 non-null   float64\n",
      " 11  points_30          1260 non-null   float64\n",
      " 12  apr_15             1260 non-null   float64\n",
      " 13  points_15          1260 non-null   float64\n",
      "dtypes: float64(7), int64(5), object(2)\n",
      "memory usage: 137.9+ KB\n"
     ]
    }
   ],
   "source": [
    "df.info()"
   ]
  },
  {
   "cell_type": "code",
   "execution_count": 13,
   "metadata": {
    "ExecuteTime": {
     "end_time": "2023-04-04T18:52:26.457314Z",
     "start_time": "2023-04-04T18:52:26.410323Z"
    }
   },
   "outputs": [
    {
     "data": {
      "text/html": [
       "<div>\n",
       "<style scoped>\n",
       "    .dataframe tbody tr th:only-of-type {\n",
       "        vertical-align: middle;\n",
       "    }\n",
       "\n",
       "    .dataframe tbody tr th {\n",
       "        vertical-align: top;\n",
       "    }\n",
       "\n",
       "    .dataframe thead th {\n",
       "        text-align: right;\n",
       "    }\n",
       "</style>\n",
       "<table border=\"1\" class=\"dataframe\">\n",
       "  <thead>\n",
       "    <tr style=\"text-align: right;\">\n",
       "      <th></th>\n",
       "      <th>year</th>\n",
       "      <th>num_of_bedrooms</th>\n",
       "      <th>house_value_index</th>\n",
       "      <th>est_pop</th>\n",
       "      <th>median_hh_income</th>\n",
       "      <th>poverty_count</th>\n",
       "      <th>poverty_rate</th>\n",
       "      <th>tax_rate</th>\n",
       "      <th>apr_30</th>\n",
       "      <th>points_30</th>\n",
       "      <th>apr_15</th>\n",
       "      <th>points_15</th>\n",
       "    </tr>\n",
       "  </thead>\n",
       "  <tbody>\n",
       "    <tr>\n",
       "      <th>year</th>\n",
       "      <td>1.00</td>\n",
       "      <td>-0.00</td>\n",
       "      <td>0.20</td>\n",
       "      <td>0.01</td>\n",
       "      <td>0.38</td>\n",
       "      <td>-0.04</td>\n",
       "      <td>-0.09</td>\n",
       "      <td>0.03</td>\n",
       "      <td>-0.65</td>\n",
       "      <td>-0.42</td>\n",
       "      <td>-0.53</td>\n",
       "      <td>-0.44</td>\n",
       "    </tr>\n",
       "    <tr>\n",
       "      <th>num_of_bedrooms</th>\n",
       "      <td>-0.00</td>\n",
       "      <td>1.00</td>\n",
       "      <td>0.71</td>\n",
       "      <td>0.00</td>\n",
       "      <td>0.00</td>\n",
       "      <td>-0.00</td>\n",
       "      <td>0.00</td>\n",
       "      <td>0.00</td>\n",
       "      <td>0.00</td>\n",
       "      <td>0.00</td>\n",
       "      <td>0.00</td>\n",
       "      <td>0.00</td>\n",
       "    </tr>\n",
       "    <tr>\n",
       "      <th>house_value_index</th>\n",
       "      <td>0.20</td>\n",
       "      <td>0.71</td>\n",
       "      <td>1.00</td>\n",
       "      <td>0.27</td>\n",
       "      <td>0.33</td>\n",
       "      <td>0.15</td>\n",
       "      <td>-0.19</td>\n",
       "      <td>-0.02</td>\n",
       "      <td>-0.14</td>\n",
       "      <td>-0.04</td>\n",
       "      <td>-0.11</td>\n",
       "      <td>-0.05</td>\n",
       "    </tr>\n",
       "    <tr>\n",
       "      <th>est_pop</th>\n",
       "      <td>0.01</td>\n",
       "      <td>0.00</td>\n",
       "      <td>0.27</td>\n",
       "      <td>1.00</td>\n",
       "      <td>0.07</td>\n",
       "      <td>0.81</td>\n",
       "      <td>0.10</td>\n",
       "      <td>0.27</td>\n",
       "      <td>-0.01</td>\n",
       "      <td>-0.00</td>\n",
       "      <td>-0.01</td>\n",
       "      <td>-0.00</td>\n",
       "    </tr>\n",
       "    <tr>\n",
       "      <th>median_hh_income</th>\n",
       "      <td>0.38</td>\n",
       "      <td>0.00</td>\n",
       "      <td>0.33</td>\n",
       "      <td>0.07</td>\n",
       "      <td>1.00</td>\n",
       "      <td>-0.35</td>\n",
       "      <td>-0.84</td>\n",
       "      <td>-0.14</td>\n",
       "      <td>-0.23</td>\n",
       "      <td>-0.14</td>\n",
       "      <td>-0.18</td>\n",
       "      <td>-0.15</td>\n",
       "    </tr>\n",
       "    <tr>\n",
       "      <th>poverty_count</th>\n",
       "      <td>-0.04</td>\n",
       "      <td>-0.00</td>\n",
       "      <td>0.15</td>\n",
       "      <td>0.81</td>\n",
       "      <td>-0.35</td>\n",
       "      <td>1.00</td>\n",
       "      <td>0.58</td>\n",
       "      <td>0.37</td>\n",
       "      <td>-0.00</td>\n",
       "      <td>0.03</td>\n",
       "      <td>-0.02</td>\n",
       "      <td>0.03</td>\n",
       "    </tr>\n",
       "    <tr>\n",
       "      <th>poverty_rate</th>\n",
       "      <td>-0.09</td>\n",
       "      <td>0.00</td>\n",
       "      <td>-0.19</td>\n",
       "      <td>0.10</td>\n",
       "      <td>-0.84</td>\n",
       "      <td>0.58</td>\n",
       "      <td>1.00</td>\n",
       "      <td>0.23</td>\n",
       "      <td>0.02</td>\n",
       "      <td>0.05</td>\n",
       "      <td>-0.02</td>\n",
       "      <td>0.06</td>\n",
       "    </tr>\n",
       "    <tr>\n",
       "      <th>tax_rate</th>\n",
       "      <td>0.03</td>\n",
       "      <td>0.00</td>\n",
       "      <td>-0.02</td>\n",
       "      <td>0.27</td>\n",
       "      <td>-0.14</td>\n",
       "      <td>0.37</td>\n",
       "      <td>0.23</td>\n",
       "      <td>1.00</td>\n",
       "      <td>-0.01</td>\n",
       "      <td>-0.04</td>\n",
       "      <td>-0.00</td>\n",
       "      <td>-0.04</td>\n",
       "    </tr>\n",
       "    <tr>\n",
       "      <th>apr_30</th>\n",
       "      <td>-0.65</td>\n",
       "      <td>0.00</td>\n",
       "      <td>-0.14</td>\n",
       "      <td>-0.01</td>\n",
       "      <td>-0.23</td>\n",
       "      <td>-0.00</td>\n",
       "      <td>0.02</td>\n",
       "      <td>-0.01</td>\n",
       "      <td>1.00</td>\n",
       "      <td>-0.20</td>\n",
       "      <td>0.97</td>\n",
       "      <td>-0.18</td>\n",
       "    </tr>\n",
       "    <tr>\n",
       "      <th>points_30</th>\n",
       "      <td>-0.42</td>\n",
       "      <td>0.00</td>\n",
       "      <td>-0.04</td>\n",
       "      <td>-0.00</td>\n",
       "      <td>-0.14</td>\n",
       "      <td>0.03</td>\n",
       "      <td>0.05</td>\n",
       "      <td>-0.04</td>\n",
       "      <td>-0.20</td>\n",
       "      <td>1.00</td>\n",
       "      <td>-0.24</td>\n",
       "      <td>0.99</td>\n",
       "    </tr>\n",
       "    <tr>\n",
       "      <th>apr_15</th>\n",
       "      <td>-0.53</td>\n",
       "      <td>0.00</td>\n",
       "      <td>-0.11</td>\n",
       "      <td>-0.01</td>\n",
       "      <td>-0.18</td>\n",
       "      <td>-0.02</td>\n",
       "      <td>-0.02</td>\n",
       "      <td>-0.00</td>\n",
       "      <td>0.97</td>\n",
       "      <td>-0.24</td>\n",
       "      <td>1.00</td>\n",
       "      <td>-0.23</td>\n",
       "    </tr>\n",
       "    <tr>\n",
       "      <th>points_15</th>\n",
       "      <td>-0.44</td>\n",
       "      <td>0.00</td>\n",
       "      <td>-0.05</td>\n",
       "      <td>-0.00</td>\n",
       "      <td>-0.15</td>\n",
       "      <td>0.03</td>\n",
       "      <td>0.06</td>\n",
       "      <td>-0.04</td>\n",
       "      <td>-0.18</td>\n",
       "      <td>0.99</td>\n",
       "      <td>-0.23</td>\n",
       "      <td>1.00</td>\n",
       "    </tr>\n",
       "  </tbody>\n",
       "</table>\n",
       "</div>"
      ],
      "text/plain": [
       "                   year  num_of_bedrooms  house_value_index  est_pop  \\\n",
       "year               1.00            -0.00               0.20     0.01   \n",
       "num_of_bedrooms   -0.00             1.00               0.71     0.00   \n",
       "house_value_index  0.20             0.71               1.00     0.27   \n",
       "est_pop            0.01             0.00               0.27     1.00   \n",
       "median_hh_income   0.38             0.00               0.33     0.07   \n",
       "poverty_count     -0.04            -0.00               0.15     0.81   \n",
       "poverty_rate      -0.09             0.00              -0.19     0.10   \n",
       "tax_rate           0.03             0.00              -0.02     0.27   \n",
       "apr_30            -0.65             0.00              -0.14    -0.01   \n",
       "points_30         -0.42             0.00              -0.04    -0.00   \n",
       "apr_15            -0.53             0.00              -0.11    -0.01   \n",
       "points_15         -0.44             0.00              -0.05    -0.00   \n",
       "\n",
       "                   median_hh_income  poverty_count  poverty_rate  tax_rate  \\\n",
       "year                           0.38          -0.04         -0.09      0.03   \n",
       "num_of_bedrooms                0.00          -0.00          0.00      0.00   \n",
       "house_value_index              0.33           0.15         -0.19     -0.02   \n",
       "est_pop                        0.07           0.81          0.10      0.27   \n",
       "median_hh_income               1.00          -0.35         -0.84     -0.14   \n",
       "poverty_count                 -0.35           1.00          0.58      0.37   \n",
       "poverty_rate                  -0.84           0.58          1.00      0.23   \n",
       "tax_rate                      -0.14           0.37          0.23      1.00   \n",
       "apr_30                        -0.23          -0.00          0.02     -0.01   \n",
       "points_30                     -0.14           0.03          0.05     -0.04   \n",
       "apr_15                        -0.18          -0.02         -0.02     -0.00   \n",
       "points_15                     -0.15           0.03          0.06     -0.04   \n",
       "\n",
       "                   apr_30  points_30  apr_15  points_15  \n",
       "year                -0.65      -0.42   -0.53      -0.44  \n",
       "num_of_bedrooms      0.00       0.00    0.00       0.00  \n",
       "house_value_index   -0.14      -0.04   -0.11      -0.05  \n",
       "est_pop             -0.01      -0.00   -0.01      -0.00  \n",
       "median_hh_income    -0.23      -0.14   -0.18      -0.15  \n",
       "poverty_count       -0.00       0.03   -0.02       0.03  \n",
       "poverty_rate         0.02       0.05   -0.02       0.06  \n",
       "tax_rate            -0.01      -0.04   -0.00      -0.04  \n",
       "apr_30               1.00      -0.20    0.97      -0.18  \n",
       "points_30           -0.20       1.00   -0.24       0.99  \n",
       "apr_15               0.97      -0.24    1.00      -0.23  \n",
       "points_15           -0.18       0.99   -0.23       1.00  "
      ]
     },
     "execution_count": 13,
     "metadata": {},
     "output_type": "execute_result"
    }
   ],
   "source": [
    "df.corr()"
   ]
  },
  {
   "cell_type": "code",
   "execution_count": 14,
   "metadata": {
    "ExecuteTime": {
     "end_time": "2023-04-04T18:52:27.313758Z",
     "start_time": "2023-04-04T18:52:27.251357Z"
    },
    "scrolled": false
   },
   "outputs": [
    {
     "data": {
      "application/vnd.plotly.v1+json": {
       "config": {
        "plotlyServerURL": "https://plot.ly"
       },
       "data": [
        {
         "coloraxis": "coloraxis",
         "hovertemplate": "x: %{x}<br>y: %{y}<br>color: %{z}<extra></extra>",
         "name": "0",
         "type": "heatmap",
         "x": [
          "year",
          "num_of_bedrooms",
          "house_value_index",
          "est_pop",
          "median_hh_income",
          "poverty_count",
          "poverty_rate",
          "tax_rate",
          "apr_30",
          "points_30",
          "apr_15",
          "points_15"
         ],
         "xaxis": "x",
         "y": [
          "year",
          "num_of_bedrooms",
          "house_value_index",
          "est_pop",
          "median_hh_income",
          "poverty_count",
          "poverty_rate",
          "tax_rate",
          "apr_30",
          "points_30",
          "apr_15",
          "points_15"
         ],
         "yaxis": "y",
         "z": [
          [
           1,
           -1.2436892891909931e-14,
           0.20273095557422557,
           0.014016368749959443,
           0.37588723525163725,
           -0.04107315002087763,
           -0.09491743993197671,
           0.03224367271084495,
           -0.6463458807729243,
           -0.419329017110468,
           -0.528800971713599,
           -0.4443780171480253
          ],
          [
           -1.2436892891909931e-14,
           1,
           0.708392077983185,
           5.379883673944435e-16,
           2.6240325935819418e-15,
           -1.3888398308791602e-15,
           3.0314044344389707e-16,
           4.638859923252367e-16,
           3.8256832087368015e-15,
           1.962934361211016e-15,
           8.032107732339793e-16,
           2.8160607634590148e-15
          ],
          [
           0.20273095557422557,
           0.708392077983185,
           1,
           0.27455447529563437,
           0.3330807276564559,
           0.14523124596858472,
           -0.18741186142019772,
           -0.017364720489148267,
           -0.13832806184041227,
           -0.04441249469458865,
           -0.10944714345427524,
           -0.05167171993265392
          ],
          [
           0.014016368749959443,
           5.379883673944435e-16,
           0.27455447529563437,
           1,
           0.07062925694387344,
           0.8106156626846589,
           0.0952481099000697,
           0.27453276726525966,
           -0.013883107201273052,
           -0.0002433067563896489,
           -0.01345189914545689,
           -0.00026000747145175804
          ],
          [
           0.37588723525163725,
           2.6240325935819418e-15,
           0.3330807276564559,
           0.07062925694387344,
           1,
           -0.34777206282725914,
           -0.841090615116347,
           -0.14458100289259707,
           -0.22990937387700355,
           -0.14351252536162004,
           -0.17575791107920896,
           -0.15459612111664595
          ],
          [
           -0.04107315002087763,
           -1.3888398308791602e-15,
           0.14523124596858472,
           0.8106156626846589,
           -0.34777206282725914,
           1,
           0.5751594412290223,
           0.3692002501612766,
           -0.002713601311046105,
           0.028851647185710653,
           -0.021163544569819653,
           0.03227517684456808
          ],
          [
           -0.09491743993197671,
           3.0314044344389707e-16,
           -0.18741186142019772,
           0.0952481099000697,
           -0.841090615116347,
           0.5751594412290223,
           1,
           0.23056192776057904,
           0.01657029830711395,
           0.05123611587892216,
           -0.018526082839558186,
           0.057864860611635226
          ],
          [
           0.03224367271084495,
           4.638859923252367e-16,
           -0.017364720489148267,
           0.27453276726525966,
           -0.14458100289259707,
           0.3692002501612766,
           0.23056192776057904,
           1,
           -0.008254882180350843,
           -0.03717381739071051,
           -0.004923941326232607,
           -0.03802064673882291
          ],
          [
           -0.6463458807729243,
           3.8256832087368015e-15,
           -0.13832806184041227,
           -0.013883107201273052,
           -0.22990937387700355,
           -0.002713601311046105,
           0.01657029830711395,
           -0.008254882180350843,
           1,
           -0.20021026040675297,
           0.9723920559230559,
           -0.17978034005639673
          ],
          [
           -0.419329017110468,
           1.962934361211016e-15,
           -0.04441249469458865,
           -0.0002433067563896489,
           -0.14351252536162004,
           0.028851647185710653,
           0.05123611587892216,
           -0.03717381739071051,
           -0.20021026040675297,
           1,
           -0.23778622866625768,
           0.9906423060361986
          ],
          [
           -0.528800971713599,
           8.032107732339793e-16,
           -0.10944714345427524,
           -0.01345189914545689,
           -0.17575791107920896,
           -0.021163544569819653,
           -0.018526082839558186,
           -0.004923941326232607,
           0.9723920559230559,
           -0.23778622866625768,
           1,
           -0.2345559647947119
          ],
          [
           -0.4443780171480253,
           2.8160607634590148e-15,
           -0.05167171993265392,
           -0.00026000747145175804,
           -0.15459612111664595,
           0.03227517684456808,
           0.057864860611635226,
           -0.03802064673882291,
           -0.17978034005639673,
           0.9906423060361986,
           -0.2345559647947119,
           1
          ]
         ]
        }
       ],
       "layout": {
        "coloraxis": {
         "colorscale": [
          [
           0,
           "#0d0887"
          ],
          [
           0.1111111111111111,
           "#46039f"
          ],
          [
           0.2222222222222222,
           "#7201a8"
          ],
          [
           0.3333333333333333,
           "#9c179e"
          ],
          [
           0.4444444444444444,
           "#bd3786"
          ],
          [
           0.5555555555555556,
           "#d8576b"
          ],
          [
           0.6666666666666666,
           "#ed7953"
          ],
          [
           0.7777777777777778,
           "#fb9f3a"
          ],
          [
           0.8888888888888888,
           "#fdca26"
          ],
          [
           1,
           "#f0f921"
          ]
         ]
        },
        "height": 1000,
        "template": {
         "data": {
          "bar": [
           {
            "error_x": {
             "color": "#2a3f5f"
            },
            "error_y": {
             "color": "#2a3f5f"
            },
            "marker": {
             "line": {
              "color": "#E5ECF6",
              "width": 0.5
             },
             "pattern": {
              "fillmode": "overlay",
              "size": 10,
              "solidity": 0.2
             }
            },
            "type": "bar"
           }
          ],
          "barpolar": [
           {
            "marker": {
             "line": {
              "color": "#E5ECF6",
              "width": 0.5
             },
             "pattern": {
              "fillmode": "overlay",
              "size": 10,
              "solidity": 0.2
             }
            },
            "type": "barpolar"
           }
          ],
          "carpet": [
           {
            "aaxis": {
             "endlinecolor": "#2a3f5f",
             "gridcolor": "white",
             "linecolor": "white",
             "minorgridcolor": "white",
             "startlinecolor": "#2a3f5f"
            },
            "baxis": {
             "endlinecolor": "#2a3f5f",
             "gridcolor": "white",
             "linecolor": "white",
             "minorgridcolor": "white",
             "startlinecolor": "#2a3f5f"
            },
            "type": "carpet"
           }
          ],
          "choropleth": [
           {
            "colorbar": {
             "outlinewidth": 0,
             "ticks": ""
            },
            "type": "choropleth"
           }
          ],
          "contour": [
           {
            "colorbar": {
             "outlinewidth": 0,
             "ticks": ""
            },
            "colorscale": [
             [
              0,
              "#0d0887"
             ],
             [
              0.1111111111111111,
              "#46039f"
             ],
             [
              0.2222222222222222,
              "#7201a8"
             ],
             [
              0.3333333333333333,
              "#9c179e"
             ],
             [
              0.4444444444444444,
              "#bd3786"
             ],
             [
              0.5555555555555556,
              "#d8576b"
             ],
             [
              0.6666666666666666,
              "#ed7953"
             ],
             [
              0.7777777777777778,
              "#fb9f3a"
             ],
             [
              0.8888888888888888,
              "#fdca26"
             ],
             [
              1,
              "#f0f921"
             ]
            ],
            "type": "contour"
           }
          ],
          "contourcarpet": [
           {
            "colorbar": {
             "outlinewidth": 0,
             "ticks": ""
            },
            "type": "contourcarpet"
           }
          ],
          "heatmap": [
           {
            "colorbar": {
             "outlinewidth": 0,
             "ticks": ""
            },
            "colorscale": [
             [
              0,
              "#0d0887"
             ],
             [
              0.1111111111111111,
              "#46039f"
             ],
             [
              0.2222222222222222,
              "#7201a8"
             ],
             [
              0.3333333333333333,
              "#9c179e"
             ],
             [
              0.4444444444444444,
              "#bd3786"
             ],
             [
              0.5555555555555556,
              "#d8576b"
             ],
             [
              0.6666666666666666,
              "#ed7953"
             ],
             [
              0.7777777777777778,
              "#fb9f3a"
             ],
             [
              0.8888888888888888,
              "#fdca26"
             ],
             [
              1,
              "#f0f921"
             ]
            ],
            "type": "heatmap"
           }
          ],
          "heatmapgl": [
           {
            "colorbar": {
             "outlinewidth": 0,
             "ticks": ""
            },
            "colorscale": [
             [
              0,
              "#0d0887"
             ],
             [
              0.1111111111111111,
              "#46039f"
             ],
             [
              0.2222222222222222,
              "#7201a8"
             ],
             [
              0.3333333333333333,
              "#9c179e"
             ],
             [
              0.4444444444444444,
              "#bd3786"
             ],
             [
              0.5555555555555556,
              "#d8576b"
             ],
             [
              0.6666666666666666,
              "#ed7953"
             ],
             [
              0.7777777777777778,
              "#fb9f3a"
             ],
             [
              0.8888888888888888,
              "#fdca26"
             ],
             [
              1,
              "#f0f921"
             ]
            ],
            "type": "heatmapgl"
           }
          ],
          "histogram": [
           {
            "marker": {
             "pattern": {
              "fillmode": "overlay",
              "size": 10,
              "solidity": 0.2
             }
            },
            "type": "histogram"
           }
          ],
          "histogram2d": [
           {
            "colorbar": {
             "outlinewidth": 0,
             "ticks": ""
            },
            "colorscale": [
             [
              0,
              "#0d0887"
             ],
             [
              0.1111111111111111,
              "#46039f"
             ],
             [
              0.2222222222222222,
              "#7201a8"
             ],
             [
              0.3333333333333333,
              "#9c179e"
             ],
             [
              0.4444444444444444,
              "#bd3786"
             ],
             [
              0.5555555555555556,
              "#d8576b"
             ],
             [
              0.6666666666666666,
              "#ed7953"
             ],
             [
              0.7777777777777778,
              "#fb9f3a"
             ],
             [
              0.8888888888888888,
              "#fdca26"
             ],
             [
              1,
              "#f0f921"
             ]
            ],
            "type": "histogram2d"
           }
          ],
          "histogram2dcontour": [
           {
            "colorbar": {
             "outlinewidth": 0,
             "ticks": ""
            },
            "colorscale": [
             [
              0,
